function [u, T] = fix_openCrust_500()
% function [u, T] = fix_openCrust_500()
% 
% Output is intended to be used with "trisurf"
% 
% Direction set is based on Froeling's electrostatic repulsion (M.froeling@umcutrecht.nl)
% Crust opening is based on https://se.mathworks.com/matlabcentral/fileexchange/63731-surface-reconstruction-from-scattered-points-cloud-open-surfaces

u = [              0                   0   1.000000000000000
  -0.318743500608638   0.829728719773929   0.458206102536914
   0.584784749391992  -0.717961155244410  -0.377569300180321
  -0.889964277692061   0.352890005762449   0.288846374851800
  -0.759569000268536  -0.025955195658099   0.649908656389039
   0.079706814582242  -0.781145102376229  -0.619240787370133
   0.393825924308732  -0.303380735530825   0.867675786599550
   0.660457399827810  -0.250318285914058   0.707910148782835
   0.850497814861883   0.420456963708473  -0.316021215402091
  -0.728736127638528   0.683450044054446   0.042891649028432
  -0.671885912383365  -0.151871943189872   0.724916708051694
  -0.872745518488109  -0.470306643501364   0.130869862983813
   0.516853365443124   0.763401900169369  -0.387401777806857
  -0.653062413556474  -0.594290132908000   0.469391863934586
  -0.087883541616001  -0.783379983362164  -0.615298533055723
  -0.534017565550454  -0.689565632768325  -0.489208010756555
   0.180950680817769   0.922308509707649   0.341473079513511
   0.980055036544497   0.173731350380785   0.096485974310431
  -0.839681405520926  -0.452112794061935  -0.300880638572696
  -0.943473630107456   0.196225053741922   0.267120267998965
  -0.699935737979431   0.635580845069212   0.325771318688887
  -0.121286913390503   0.953888711693806  -0.274564765298346
  -0.669490671381733  -0.277688376119728  -0.688964009728247
  -0.019167299897388  -0.169906431870229   0.985273778715221
   0.997890522080763   0.023748166911509   0.060419620238178
   0.783123287926872  -0.512074961204811  -0.352841536689908
   0.556125447268235  -0.415307483600708  -0.719891784205066
  -0.345293662848744   0.747488304293242  -0.567479974396728
   0.085330743862281  -0.850643464503988   0.518771973460944
  -0.751999498557733  -0.657728767393772  -0.043469790792994
  -0.481302770446155  -0.799969658049092   0.358324140076656
   0.285812931212586   0.718560299430519  -0.634020555214097
   0.936171816972322  -0.109879724902062   0.333929296651534
  -0.570177031483718  -0.401295654037057  -0.716840254742565
   0.618367158303831   0.748450670567955  -0.239674052115834
   0.865897898241327  -0.162277486173648   0.473166828193201
  -0.339960533679480   0.727514597514793   0.595944079543754
  -0.408487066085770  -0.200311031513374  -0.890513227018380
  -0.288825044149966  -0.181864015027426   0.939949772014374
  -0.350818004805417   0.600985556069697   0.718152552665479
   0.531295744929025  -0.278974827833077   0.799936170488507
  -0.597124474189293   0.409579295973964   0.689700777608401
  -0.857522264757937  -0.434132242504719   0.276015871757843
  -0.407033913149913   0.244812373166739  -0.879994486056781
  -0.597225045072441   0.178194684424709   0.782028707900803
   0.066286491518571  -0.994615646614436   0.079660633639870
   0.696427495863407   0.712819387824608  -0.082929267130342
   0.076537474532129   0.676794817321990   0.732182211091158
   0.948624275107127  -0.310543268791333   0.060620647356099
  -0.626325580346503   0.344809428452896  -0.699158583908976
   0.582847882797637  -0.123623072299810   0.803122457358445
   0.020815541067038  -0.646281309702009   0.762815300043165
  -0.196515110047829   0.234253051913604   0.952106779301593
   0.343528545689010   0.937365293095721   0.057744658595990
   0.210759650167020   0.901148367622117  -0.378829763077651
  -0.120481787132029  -0.290747527821951  -0.949183867348627
   0.231289810692608   0.637550425337479   0.734870382191157
   0.100247767334039   0.989043757070600  -0.108364347200599
  -0.070851121907636   0.743114762765004   0.665402560774409
  -0.566563707162620  -0.552883249451087  -0.611003828304338
  -0.258841202900054   0.535124543174067  -0.804141128766586
  -0.776539075806570  -0.183462486481553   0.602767434255935
   0.548282743978318   0.024203518431925  -0.835942714754499
  -0.569793876997978   0.750744721794739   0.334241380491633
   0.171926510463750   0.983003676244786   0.064382043218546
  -0.141763199030765   0.141308705327608  -0.979762749444578
   0.323080548704370  -0.582104108096554   0.746172745673546
  -0.430710481228715  -0.404637357514899   0.806695165637608
   0.645938872321217  -0.738437585023752  -0.193579198904953
  -0.695228884139388  -0.689946268110500  -0.201571192829472
  -0.428721577342575  -0.245160901776116   0.869536624508258
  -0.625082559853832  -0.776729247178715  -0.077223506419792
   0.295572480993077  -0.006058814671519   0.955301103968991
   0.081427580771946   0.973485440687667   0.213765399114934
   0.612913934248902   0.707258269176013   0.352309877644216
   0.030618928723841  -0.994498247064790  -0.100178429758433
   0.952437226267753  -0.225357301328017   0.205127805910224
  -0.672282031967722   0.277198182379363   0.686438662357336
   0.414838304821894  -0.038138391063082  -0.909095508722608
   0.877950810019291   0.328138384274752   0.348608054915584
  -0.295348214669549  -0.005834808354410   0.955371858023344
   0.262890056758270   0.961379636979906  -0.081473993752715
   0.174903754342665   0.527122598919292  -0.831595119289075
  -0.474989347288950  -0.797065644221988  -0.372922885812877
   0.567511374847441   0.658954100106563   0.493670267862586
   0.213759487877088  -0.249379121899298  -0.944519420077354
   0.075089791233355   0.786724288023804   0.612720505521048
   0.498763189387011   0.865156102690811   0.052346909071543
  -0.933905002797340   0.148765740134876  -0.325100292697842
   0.688850515244362  -0.352867234542925  -0.633221669270410
  -0.183477820142777   0.756826193801913  -0.627335637351301
  -0.554028771641629   0.492900076341852  -0.670896143181241
  -0.141010031916273   0.652704199620243  -0.744374501643541
   0.142234361096833  -0.082474008162876   0.986391111324978
   0.322126158961828  -0.366083912269536  -0.873050575218830
  -0.766841744221144  -0.565373993911968   0.303819002578679
  -0.619237588012995  -0.697075796706486   0.361427922604032
  -0.917463284341279   0.362870821931479  -0.163051796912777
  -0.500055204994102   0.343652682058944   0.794888436242471
  -0.550808239438309   0.220325433805561  -0.805026078201981
   0.563624895474639   0.800797072000951   0.202610529528717
  -0.308270450522084   0.110111057628482  -0.944904695894167
   0.334771875057707  -0.626597904381069  -0.703777562796371
  -0.798805384814665   0.399015217668608  -0.450218628290709
   0.856654157428070  -0.465128111810034  -0.223158002691449
  -0.266590431074824  -0.739885293772956  -0.617656291247686
  -0.292395972588877  -0.317955042350708  -0.901892003655407
  -0.928390844445355  -0.028190273643613  -0.370534409227994
  -0.384926819512889   0.908237238161968   0.164123315941438
  -0.996532227540230  -0.017555727551245   0.081334592295368
   0.846877496136753   0.521890865166579   0.102119691503760
  -0.049015309614021  -0.903386601524602   0.426016604851585
  -0.245422685435117  -0.169608702664583  -0.954463510802929
  -0.788662532891902  -0.602630726308283   0.121850797788446
   0.626394228696657  -0.773727271264104   0.094743759465857
  -0.740318632484760  -0.583536395733499  -0.333786754156381
   0.852551743712683   0.210279107646425  -0.478474890856236
  -0.970985570254838  -0.131972626470091   0.199424793392079
  -0.213104530938085   0.677692841767906   0.703788939320730
   0.668820450860268   0.249878970173806  -0.700171196762581
   0.790101764109733   0.401456164419417  -0.463219332930241
   0.391361906544434  -0.904689127865372   0.168444174812007
   0.872025388550489   0.432467120817796   0.229224586671968
  -0.056916053415460   0.323282683037791   0.944589259790463
   0.186739407731189  -0.981241659352513  -0.047887363169544
