function cmap = fix_cmap_roma()

% Credit to 10.5281/zenodo.4153113

cmap = [
       0.4968    0.0996         0
    0.5014    0.1116    0.0038
    0.5059    0.1228    0.0075
    0.5105    0.1336    0.0112
    0.5150    0.1440    0.0147
    0.5195    0.1540    0.0179
    0.5240    0.1637    0.0210
    0.5285    0.1732    0.0239
    0.5330    0.1825    0.0268
    0.5374    0.1916    0.0297
    0.5418    0.2005    0.0329
    0.5462    0.2094    0.0364
    0.5505    0.2181    0.0399
    0.5549    0.2267    0.0433
    0.5592    0.2352    0.0469
    0.5634    0.2436    0.0504
    0.5676    0.2520    0.0538
    0.5718    0.2603    0.0573
    0.5760    0.2685    0.0608
    0.5801    0.2766    0.0643
    0.5842    0.2847    0.0677
    0.5883    0.2928    0.0712
    0.5924    0.3008    0.0745
    0.5964    0.3088    0.0779
    0.6004    0.3168    0.0813
    0.6044    0.3247    0.0847
    0.6083    0.3326    0.0881
    0.6123    0.3404    0.0914
    0.6162    0.3483    0.0948
    0.6200    0.3561    0.0981
    0.6239    0.3639    0.1013
    0.6277    0.3716    0.1046
    0.6316    0.3794    0.1079
    0.6354    0.3872    0.1113
    0.6392    0.3949    0.1145
    0.6429    0.4026    0.1179
    0.6467    0.4104    0.1211
    0.6505    0.4181    0.1244
    0.6542    0.4258    0.1278
    0.6580    0.4335    0.1311
    0.6617    0.4412    0.1344
    0.6654    0.4490    0.1378
    0.6691    0.4567    0.1411
    0.6729    0.4644    0.1445
    0.6766    0.4722    0.1479
    0.6803    0.4799    0.1513
    0.6841    0.4877    0.1548
    0.6878    0.4955    0.1584
    0.6916    0.5033    0.1620
    0.6954    0.5112    0.1656
    0.6992    0.5190    0.1694
    0.7030    0.5269    0.1732
    0.7068    0.5349    0.1771
    0.7107    0.5429    0.1810
    0.7146    0.5509    0.1852
    0.7185    0.5589    0.1894
    0.7224    0.5670    0.1938
    0.7264    0.5752    0.1983
    0.7305    0.5834    0.2029
    0.7346    0.5917    0.2078
    0.7387    0.6000    0.2129
    0.7429    0.6084    0.2181
    0.7471    0.6169    0.2236
    0.7514    0.6254    0.2293
    0.7558    0.6340    0.2353
    0.7602    0.6426    0.2416
    0.7646    0.6514    0.2481
    0.7691    0.6601    0.2549
    0.7737    0.6690    0.2620
    0.7783    0.6778    0.2694
    0.7830    0.6867    0.2772
    0.7877    0.6957    0.2852
    0.7925    0.7046    0.2936
    0.7972    0.7136    0.3023
    0.8020    0.7225    0.3113
    0.8068    0.7314    0.3206
    0.8116    0.7402    0.3302
    0.8164    0.7490    0.3400
    0.8211    0.7576    0.3501
    0.8258    0.7661    0.3605
    0.8304    0.7745    0.3710
    0.8349    0.7827    0.3818
    0.8393    0.7908    0.3926
    0.8437    0.7986    0.4037
    0.8479    0.8062    0.4147
    0.8519    0.8135    0.4259
    0.8558    0.8206    0.4371
    0.8595    0.8275    0.4483
    0.8631    0.8340    0.4595
    0.8664    0.8403    0.4706
    0.8696    0.8463    0.4817
    0.8725    0.8520    0.4927
    0.8753    0.8574    0.5036
    0.8778    0.8625    0.5144
    0.8800    0.8674    0.5251
    0.8821    0.8720    0.5356
    0.8839    0.8763    0.5459
    0.8855    0.8804    0.5562
    0.8868    0.8842    0.5662
    0.8878    0.8878    0.5761
    0.8886    0.8911    0.5859
    0.8892    0.8943    0.5954
    0.8895    0.8972    0.6049
    0.8895    0.8999    0.6141
    0.8892    0.9025    0.6232
    0.8887    0.9049    0.6321
    0.8878    0.9071    0.6409
    0.8867    0.9091    0.6494
    0.8853    0.9110    0.6579
    0.8836    0.9128    0.6661
    0.8816    0.9144    0.6742
    0.8793    0.9159    0.6821
    0.8767    0.9172    0.6899
    0.8738    0.9184    0.6974
    0.8706    0.9195    0.7048
    0.8670    0.9205    0.7121
    0.8632    0.9213    0.7191
    0.8590    0.9220    0.7260
    0.8545    0.9226    0.7327
    0.8497    0.9231    0.7391
    0.8445    0.9234    0.7454
    0.8391    0.9236    0.7516
    0.8333    0.9238    0.7575
    0.8272    0.9237    0.7632
    0.8209    0.9236    0.7687
    0.8142    0.9233    0.7740
    0.8072    0.9229    0.7792
    0.8000    0.9223    0.7841
    0.7924    0.9217    0.7888
    0.7846    0.9208    0.7934
    0.7765    0.9199    0.7977
    0.7682    0.9187    0.8019
    0.7596    0.9175    0.8058
    0.7508    0.9160    0.8096
    0.7417    0.9144    0.8131
    0.7324    0.9127    0.8165
    0.7229    0.9108    0.8197
    0.7131    0.9086    0.8227
    0.7032    0.9064    0.8255
    0.6931    0.9039    0.8281
    0.6828    0.9012    0.8306
    0.6724    0.8984    0.8328
    0.6618    0.8954    0.8349
    0.6511    0.8921    0.8368
    0.6402    0.8887    0.8385
    0.6293    0.8850    0.8401
    0.6183    0.8812    0.8414
    0.6072    0.8772    0.8426
    0.5961    0.8729    0.8436
    0.5849    0.8685    0.8444
    0.5738    0.8639    0.8450
    0.5627    0.8590    0.8455
    0.5516    0.8540    0.8458
    0.5406    0.8488    0.8459
    0.5297    0.8435    0.8458
    0.5189    0.8380    0.8456
    0.5082    0.8323    0.8452
    0.4977    0.8264    0.8447
    0.4873    0.8205    0.8440
    0.4772    0.8144    0.8431
    0.4673    0.8081    0.8421
    0.4575    0.8018    0.8410
    0.4481    0.7954    0.8397
    0.4389    0.7889    0.8383
    0.4300    0.7822    0.8368
    0.4213    0.7756    0.8352
    0.4130    0.7688    0.8334
    0.4049    0.7620    0.8316
    0.3971    0.7552    0.8296
    0.3896    0.7483    0.8276
    0.3824    0.7414    0.8255
    0.3754    0.7345    0.8233
    0.3688    0.7275    0.8210
    0.3624    0.7206    0.8187
    0.3563    0.7136    0.8163
    0.3504    0.7066    0.8139
    0.3448    0.6997    0.8114
    0.3394    0.6927    0.8088
    0.3342    0.6857    0.8063
    0.3293    0.6788    0.8036
    0.3245    0.6718    0.8010
    0.3199    0.6649    0.7983
    0.3155    0.6579    0.7956
    0.3113    0.6510    0.7929
    0.3072    0.6441    0.7902
    0.3032    0.6373    0.7874
    0.2994    0.6304    0.7846
    0.2957    0.6236    0.7818
    0.2921    0.6168    0.7790
    0.2886    0.6100    0.7762
    0.2852    0.6032    0.7734
    0.2819    0.5964    0.7706
    0.2787    0.5897    0.7678
    0.2755    0.5830    0.7650
    0.2724    0.5763    0.7622
    0.2694    0.5696    0.7594
    0.2664    0.5629    0.7566
    0.2634    0.5563    0.7537
    0.2605    0.5497    0.7509
    0.2577    0.5431    0.7481
    0.2549    0.5365    0.7453
    0.2521    0.5300    0.7426
    0.2493    0.5235    0.7398
    0.2465    0.5170    0.7370
    0.2438    0.5105    0.7342
    0.2411    0.5040    0.7314
    0.2385    0.4976    0.7287
    0.2358    0.4912    0.7259
    0.2332    0.4848    0.7232
    0.2306    0.4784    0.7204
    0.2280    0.4720    0.7177
    0.2254    0.4657    0.7150
    0.2228    0.4594    0.7122
    0.2203    0.4531    0.7095
    0.2177    0.4468    0.7068
    0.2151    0.4405    0.7041
    0.2126    0.4343    0.7014
    0.2101    0.4281    0.6987
    0.2076    0.4218    0.6961
    0.2051    0.4157    0.6934
    0.2026    0.4095    0.6907
    0.2000    0.4033    0.6881
    0.1976    0.3972    0.6854
    0.1951    0.3911    0.6828
    0.1926    0.3850    0.6801
    0.1901    0.3789    0.6775
    0.1876    0.3728    0.6748
    0.1851    0.3668    0.6722
    0.1826    0.3607    0.6696
    0.1801    0.3547    0.6670
    0.1777    0.3487    0.6644
    0.1751    0.3427    0.6618
    0.1726    0.3367    0.6591
    0.1701    0.3307    0.6566
    0.1675    0.3248    0.6540
    0.1649    0.3188    0.6514
    0.1624    0.3128    0.6488
    0.1597    0.3069    0.6462
    0.1571    0.3010    0.6436
    0.1545    0.2950    0.6410
    0.1518    0.2891    0.6385
    0.1490    0.2832    0.6359
    0.1463    0.2773    0.6333
    0.1435    0.2714    0.6307
    0.1406    0.2655    0.6282
    0.1377    0.2596    0.6256
    0.1347    0.2537    0.6230
    0.1316    0.2477    0.6205
    0.1285    0.2418    0.6179
    0.1253    0.2359    0.6154
    0.1219    0.2299    0.6128
    0.1186    0.2240    0.6102
    0.1150    0.2181    0.6077
    0.1114    0.2121    0.6051
    0.1076    0.2061    0.6026
