function [u, T] = fix_openCrust_100()
% function [u, T] = fix_openCrust_100()
% 
% Output is intended to be used with "trisurf"
% 
% Direction set is based on Froeling's electrostatic repulsion (M.froeling@umcutrecht.nl)
% Crust opening is based on https://se.mathworks.com/matlabcentral/fileexchange/63731-surface-reconstruction-from-scattered-points-cloud-open-surfaces

u = [              0                   0   1.000000000000000
   0.004493169921875   0.669758717098016   0.742565197336417
  -0.052993238041685  -0.681423575470160   0.729968237333187
  -0.089995334389477  -0.879869324306295  -0.466616343405276
   0.652668002102906  -0.576827607417177   0.491217253720161
   0.423600269737159   0.455587187635719  -0.782945161515659
   0.494697286460683   0.723178381714289   0.481962263034709
  -0.640891387421993  -0.625015545204004   0.445661079500617
  -0.322172336052930  -0.100465992964843  -0.941334993580812
   0.312851248097001  -0.169822930140000   0.934496799867615
  -0.315165357359781  -0.228727599094596   0.921061606480644
  -0.688019876704829   0.719875580356070  -0.091694045968553
   0.160664680926130   0.858067725446866   0.487756741469912
   0.882466910150716  -0.039095533278762  -0.468746937874476
  -0.549059733890585   0.162006431956952  -0.819931292624313
   0.357661692584890   0.199937928887519   0.912196765094835
   0.440339862050585  -0.885904369605950  -0.145856963503138
  -0.829421078878993   0.454108761785850  -0.325339678460113
   0.025978492372926  -0.889745577328375   0.455716935782100
  -0.685585700086618  -0.486243783926251  -0.541792608319662
  -0.309113246209302  -0.934828109782025  -0.174772441132213
  -0.051511140277565  -0.357199132881474  -0.932606767022430
   0.190627160466079  -0.615132496741679  -0.765031566110176
  -0.628583465672639   0.313544158571591   0.711739339441490
   0.643523349609225  -0.153686423311310  -0.749838770535039
  -0.886254494627291  -0.312756136887900   0.341667337613479
  -0.841276920962204  -0.008651817858701   0.540535186925045
  -0.380897442697176  -0.540837536661377   0.749941262423135
  -0.233978981587541   0.282470762286358  -0.930303232622902
  -0.332965225852604  -0.812362650035297   0.478749499425904
  -0.821659350097744   0.163108303217875  -0.546142466594879
  -0.894867451973067  -0.171058719304792  -0.412251328620097
  -0.977899815186577   0.063652710074561   0.199148898963116
  -0.280290340294065   0.589101921432959  -0.757889339746795
   0.278874405093317   0.945482376143007   0.168202683054767
   0.701706094253375   0.198131497095801  -0.684362818354599
  -0.849203929189374  -0.479130976774909  -0.222004940809999
   0.402367081592907   0.737233198185455  -0.542759562922343
   0.580514406615244  -0.691857551588152  -0.429343862216054
   0.635470910852613   0.380296022910145   0.671975934404556
   0.511504010517149  -0.486106364453646  -0.708564922687069
   0.028645765793974   0.356913999498312   0.933697926025433
  -0.601655051896851   0.462604403192923  -0.651159246784930
  -0.735215311163649   0.631829431751044   0.245458785550022
   0.290438289114193  -0.566627030983827   0.771089753514384
  -0.452997632753401   0.867334404201680   0.206213908376549
   0.097949064603196   0.888612193925166  -0.448078508244773
  -0.424917820219749  -0.424791152087774  -0.799373081337894
  -0.440445358718677  -0.740779207635754  -0.507202180119251
  -0.625480930485245  -0.756214550436257  -0.192127976379815
  -0.313499571742513   0.173647807780656   0.933576165810928
  -0.099457042231853   0.971277316713893   0.216168153962491
   0.795870256870089  -0.389706450596865  -0.463378265127673
   0.895816128353969   0.317619323761814  -0.310855962390933
   0.648272730375453   0.725279582987076  -0.231758481082457
  -0.235684581798955   0.838275658901004  -0.491677432465981
  -0.240770029755989   0.820448281140144   0.518550297218586
   0.108836695771253   0.359374148222999  -0.926825115781068
   0.690776594304913   0.509157136120032  -0.513406960898031
   0.563211094455982  -0.343448108719855   0.751556158712341
  -0.554189430728115   0.718424871694118  -0.420404303736935
   0.077617446306264  -0.984946261517688  -0.154455151908973
  -0.670166871911425  -0.342348019310111   0.658539442605300
  -0.842682142953530   0.337552267677035   0.419458308456680
  -0.361890289633455   0.921653577199692  -0.139964645193086
  -0.014416597599542   0.992328749166321  -0.122783611657494
   0.003582753706663  -0.379378951390817   0.925234443326383
   0.258145073968731  -0.834927043092272  -0.486063733988532
  -0.153765627979406  -0.976252468011928   0.152601606651827
   0.071200487464211   0.663800597088498  -0.744512765431065
   0.303079279731574  -0.256712411580737  -0.917737265200554
   0.848577184721707   0.528743795147527  -0.018621510754289
   0.777082490505980   0.515492790975355   0.361123227446619
   0.357881871914219   0.916905932213128  -0.176646758327316
  -0.549485006008014   0.635058280252228   0.542924680646823
   0.638374934952367   0.017693791661547   0.769522171325296
   0.852285403226798  -0.482574248712216   0.201820925392724
  -0.974297029252105  -0.225081886664633  -0.009134718715566
   0.592985294879881  -0.784121289747912   0.183090805395278
   0.991227834913177   0.032132715606388  -0.128198548669998
  -0.315802263514526   0.511969777824542   0.798846591626572
   0.955667904864750   0.246864229515148   0.160489587815882
   0.250434926318077  -0.953269941199359   0.168993393024194
   0.969496061353685  -0.130680718050483   0.207364261504970
  -0.798122470559264  -0.590087706915504   0.121643002822105
   0.604794035083073   0.784055411388526   0.139575381068097
  -0.917547392740783   0.396551444259838   0.029218729096722
   0.363506543727770  -0.786271693944227   0.499639686143091
  -0.975070670416063   0.111238641236636  -0.191997792670113
  -0.588482166451822  -0.030811457677965   0.807922888550590
  -0.159530681639487  -0.656759765334701  -0.737032273549231
   0.824010366483557  -0.230282362234988   0.517664900849100
   0.037571028566176   0.004129842843349  -0.999285425797139
   0.338952839048323   0.549603188124666   0.763575345662944
  -0.673985482159814  -0.158934544529952  -0.721445341237200
   0.859170856645015   0.141931212949938   0.491610587642730
   0.756725156070507  -0.642435922547340  -0.121008774850482
   0.402488368177388   0.100896519265284  -0.909847792700545
   0.936232956528065  -0.322742380047110  -0.138943179869492
  -0.509869157174280  -0.846658864562811   0.152322715376270];

