function [u, T] = fix_openCrust_250()
% function [u, T] = fix_openCrust_250()
% 
% Output is intended to be used with "trisurf"
% 
% Direction set is based on Froeling's electrostatic repulsion (M.froeling@umcutrecht.nl)
% Crust opening is based on https://se.mathworks.com/matlabcentral/fileexchange/63731-surface-reconstruction-from-scattered-points-cloud-open-surfaces

u = [              0                   0   1.000000000000000
  -0.822064374071249   0.424952836407467  -0.378979223325099
   0.242652982559222   0.373642565607003   0.895271334971544
  -0.653799165851343  -0.360215479328621   0.665425772858355
  -0.339249049198871   0.599660141214011  -0.724788105350008
   0.312324777401862  -0.943500443677174  -0.110725544486594
   0.758906111767137   0.072753771125639   0.647123173985822
  -0.063559482889496  -0.427915953279658   0.901580905445308
   0.652194618283227  -0.194789075751744  -0.732597703961852
  -0.068227865068213  -0.997398029015520  -0.023283688371683
  -0.343883525540496   0.587254003983986   0.732718810777105
  -0.738131998740519   0.104757901959380  -0.666473506159394
  -0.900141114932760   0.415385048395866  -0.131153477943868
   0.987331688970634   0.040426126083407  -0.153433582648271
  -0.016851603370078   0.117403023136218  -0.992941364644627
   0.345901616980057   0.135024377099874   0.928504436693424
  -0.891642838430266   0.338906771526271   0.300192020029945
   0.544488363682100  -0.004942909530560  -0.838753831264073
   0.318119280227103  -0.289482576572264   0.902773482889741
  -0.295617344374670   0.841102934466148   0.452941761529340
  -0.612863572617398  -0.066798942735847   0.787360236872559
   0.618580369677767   0.694933730921847   0.366640744975732
   0.380458175934978   0.532801311400395   0.755893073744064
  -0.287993129887839  -0.598146953327675  -0.747850372308677
  -0.379440892387118  -0.681288339143082   0.625995853126942
   0.408997759332616   0.806749563828960   0.426469194810930
   0.342883130719011  -0.920081343434026   0.189424074850501
  -0.486325572663539  -0.873478614549835   0.022859293461990
  -0.752878183420926  -0.158144262405521   0.638877792067482
   0.165322976488606   0.847226788126271  -0.504851545433100
   0.554373029585610   0.079942336034440   0.828420042597612
   0.484745808557527   0.405435517481657  -0.775011962649797
   0.886772384451844   0.116538708837807   0.447273370005422
  -0.044817596167737   0.862947728353482   0.503301699980549
  -0.124805937253386  -0.960499920433618  -0.248723502856720
   0.977879979373054   0.209104622351997  -0.005099299205166
   0.960536832268592   0.168434645426799   0.221356644524998
   0.659696846255367  -0.685932564212406  -0.307077495746132
   0.289533587550948   0.715734137026164   0.635527298214081
   0.481352310674275  -0.876354455545041   0.017401760109017
  -0.454401481508131  -0.487848841038510   0.745334020356376
  -0.345538791869743  -0.165849563818988   0.923632429862794
  -0.089761089160195   0.603568444166797   0.792242437691170
  -0.145521486712463  -0.877209522772866  -0.457522622458819
   0.800814833615901   0.204546102552685  -0.562900074783477
   0.390415489446846  -0.485265993272721   0.782363509740209
  -0.220510243890652   0.034916350316076   0.974759498963663
  -0.294470265909203  -0.829804720135097   0.474037328632331
   0.143733882479416   0.703369459808820  -0.696140771709029
  -0.575042713165629   0.530436883269037   0.622866431029111
  -0.911696265878351  -0.215105716274713  -0.350056352048372
   0.209349430849432   0.158985789569790  -0.964829691975682
   0.877360732062381   0.341019330748692   0.337555864844144
   0.034152268972933   0.337256877989161  -0.940792974449217
  -0.485082313810692   0.687256756278999  -0.540715544234614
   0.670387275977557   0.708203508522317  -0.221424232468063
   0.096727658276122  -0.245374523095824   0.964590640396181
  -0.949556193033001   0.108997338084623   0.294045262779628
   0.212362076994943  -0.642729460408122  -0.736071456434685
   0.907748129344167  -0.364651943469718  -0.207418161682925
  -0.152686532412023  -0.457988745947617  -0.875747184640248
   0.805918652120155   0.591386442343630  -0.027517303228651
   0.581001776164502  -0.666112968001841   0.467686273000900
   0.067735163471100  -0.791296385602858  -0.607669299669974
  -0.873880047056775  -0.399331447274447   0.277250894631098
   0.057206913262452   0.742936560297674   0.666912765245982
   0.189089841418446   0.857635716663519   0.478232170995844
  -0.585445668453889  -0.577784689884131   0.568698708829268
   0.525475969464437   0.583657188411670  -0.619047083775373
  -0.227886091600777  -0.584926378997962   0.778414452850957
  -0.228042645123803   0.436216913809172   0.870466171721647
   0.802653262115026   0.538408910780041   0.256639018094983
  -0.930152194877298  -0.334145943160236  -0.152195213572903
  -0.966682753840544   0.242168923658386   0.082937722668282
  -0.353391425782242  -0.867823579066294  -0.349280311211727
  -0.782123590544469  -0.607943867417610   0.136700194524906
   0.079784784153985  -0.909104528471913  -0.408856141606510
  -0.677166221391906  -0.734760506767886  -0.039659882753333
   0.473804609995714   0.858537216602626  -0.196017956460692
  -0.899110326189170  -0.433501594324252   0.060638181522338
  -0.636990873832932   0.647063071304423   0.418989270038799
  -0.687241989314869  -0.534796836768638  -0.491620576771151
   0.305768766135855   0.919358808863898   0.247557755322089
   0.645745319120526   0.254999527448445   0.719713987522126
   0.805807349525154   0.534405535396777  -0.255118088712915
   0.267714267462718   0.377543323135365  -0.886448030147738
  -0.995904987645782   0.003774620817268   0.090327226349210
  -0.765804531041058   0.597578539384117  -0.237578007198753
  -0.444145999270682   0.880499974528959  -0.165692867035219
   0.124355081441071   0.190439074056807   0.973790928686528
  -0.503900859963918   0.800307360713329   0.324949306378226
  -0.504889361836640  -0.584072462595999  -0.635567534366912
   0.857721953048755  -0.452455454673136   0.244125199016315
   0.978769512579475  -0.194413513553908  -0.064912456374423
   0.225688292923464  -0.054664087256000   0.972664706875787
  -0.985581098852209  -0.105238409385923  -0.132494432996986
  -0.517118446130731  -0.744135436594558   0.422907749604526
  -0.785217365318735   0.562974162534383   0.257863881768297
   0.339162869012023  -0.038036061069236  -0.939958406708441
   0.715225370397743   0.514940510326996   0.472534591711109
  -0.418762533747103  -0.425326542816819  -0.802331148781598
  -0.855668444255580  -0.243306369336492   0.456764188773080
  -0.215420910514139   0.954559813275048  -0.205935412674858
   0.829096492271573   0.373197089119131  -0.416320716726878
   0.417369810554632  -0.668922224829578   0.615097958350244
  -0.552052393016191   0.496415562575734  -0.669932641836262
   0.724985961452640   0.030057854146745  -0.688107463337438
   0.101248300267287  -0.977014035003503  -0.187596260888004
   0.112223681380704  -0.076102844093888  -0.990764453570163
   0.659807998845044  -0.112350881835086   0.742987674198554
   0.162361801289251   0.984864943047062   0.060660443775303
  -0.944432875522259   0.017732447156035  -0.328225690570703
  -0.471113513597330   0.401274731744157   0.785512983323403
   0.087773469659001   0.953054743109919   0.289797299262271
   0.321568250419050   0.569517710746854  -0.756467737228822
  -0.271768635444572   0.768355710108847  -0.579457773726201
   0.912769679507125   0.386157542684770  -0.133168556349164
   0.598316281202535  -0.780907650240052   0.179446007045377
  -0.544847713622873  -0.721357039766604  -0.427533612876333
  -0.852911046006793   0.183007439136093  -0.488928445501433
   0.065258667291766   0.943695668616646  -0.324314340382111
  -0.504087459582814   0.861162200079144   0.065540050703313
   0.515188591748352   0.832836966452030   0.202393928375655
   0.781534660430469   0.307059329191693   0.543063663765289
  -0.840556459205703   0.223453544965455   0.493490984851741
